g1 <-
c(0.00166060283206895, 0.00191217482303406, 0.00158461902689725, 
0.00279961501007587, 0.00196462033018366, 0.00245878339960922, 
0.00327790062676062, 0.00100740537889971, 0.00169352136172797, 
0.00242617537395352, 0.00252890774646490, 0.0020824839531384, 
0.00216181185862507, 0.00191978662193289, 0.00212676604318978, 
0.00183870540152717, 0.00214500309485145, 0.00207362400682483, 
0.00180559646881399, 0.00182616586817993, 0.00329480531124532, 
0.00202512195183363, 0.00181087747439402, 0.00164632628774711, 
0.00198731772717898, 0.00181750509189169, 0.00182429588783123, 
0.00107570136418310, 0.00195942528147573, 0.00169644068410821, 
0.00175735274372763, 0.00212941537954626, 0.00188437508657012, 
0.00196123719614422, 0.00413191881616386, 0.00214946765265492, 
0.00229561576305151, 0.00398754116580549, 0.00199265900737345, 
0.00137624184581336, 0.00164320297731915, 0.00242100039178121, 
0.00197499217627495, 0.00226837940511152, 0.00143234872265211, 
0.00128122823332768, 0.0020373800235049, 0.00174152255361462, 
0.00217603022891682, 0.00183956290524697, 0.00260254621009777, 
0.00294284638240739, 0.00261675109104665, 0.00408023331061238, 
0.00303639502152331, 0.00373468796067541, 0.00450990082485455, 
0.00175335485950765, 0.00265635610228516, 0.00366548337221106, 
0.00384827415958827, 0.00302029578025684, 0.00328840443180622, 
0.00309173184434299, 0.00324156703692640, 0.00283033603752226, 
0.00302737983756786, 0.00328962768184996, 0.0028007785242816, 
0.00283259339499554, 0.00477578162964265, 0.00295582304395692, 
0.00292477745755827, 0.00261764891100257, 0.00284222549826682, 
0.00277409783096389, 0.00284832688945222, 0.00201610338697594, 
0.0031936995674473, 0.00275494835301589, 0.00269918669932142, 
0.00319324751845668, 0.00297719510615457, 0.00297079167625906, 
0.00536338158099954, 0.00323360818878292, 0.0034579131073892, 
0.00518425967109226, 0.00304403497874986, 0.00232500846974152, 
0.00282228434769684, 0.00344840631471938, 0.00285513137624321, 
0.00323340500121658, 0.00243823237328964, 0.00221699101786689, 
0.00310939701833189, 0.0027832418189517, 0.00326393949956951, 
0.00281446902239906, 0.00387117459191607, 0.00440808645974895, 
0.00405479009674668, 0.00580762096457554, 0.00450735049070128, 
0.00553021920271611, 0.00587081129973663, 0.00279826977725882, 
0.00397812470083804, 0.00528154451643316, 0.00567523901539534, 
0.00426722566084407, 0.00488086496914929, 0.00484360221125487, 
0.00468035411485005, 0.00417707893620926, 0.00410645981822752, 
0.0050360321524997, 0.00415389497268593, 0.00411095261559064, 
0.00680243222013675, 0.00419034693191837, 0.00455013891273864, 
0.00394377957762848, 0.00400826163750586, 0.00408880806711880, 
0.00422714591316534, 0.003354274858792, 0.00499301394397208, 
0.00423670712803523, 0.0039321382761399, 0.00464760790749314, 
0.0043980977763369, 0.00434783754800191, 0.006865884517218, 0.00467940046536647, 
0.00497234107800199, 0.0067474232452669, 0.00440028575168872, 
0.00365126089283202, 0.00460932725164013, 0.00484622013032499, 
0.00402833780267417, 0.00452332710751631, 0.00385180642229763, 
0.00354524387199764, 0.00458391399552026, 0.00412853185126405, 
0.00474574120265418, 0.00414020146302176, 0.00525806336834654, 
0.00609741418479894, 0.00564678995209559, 0.00780156164552082, 
0.00608047340837088, 0.00766977805992493, 0.00711639748930212, 
0.00396532682074475, 0.00547417619230711, 0.006983531863496, 
0.00797134635306495, 0.00561457823878414, 0.00675739291190276, 
0.00704997124616051, 0.00634816964315154, 0.0056063484887071, 
0.00517919450060131, 0.00717469929123271, 0.00558996227846325, 
0.00543358916081484, 0.0092141085584435, 0.00556556675710203, 
0.006530589288979, 0.00545481580298345, 0.00534162073194687, 
0.00557901180140503, 0.00582766529628722, 0.00481204799918288, 
0.00730110615086807, 0.00591373471088033, 0.00525477011096385, 
0.00635972145925155, 0.00598805633830494, 0.00591593990747487, 
0.00890415562331071, 0.00638939845237044, 0.00654181006432294, 
0.00921881762289309, 0.00586964721822388, 0.00510817503026559, 
0.00691209598493955, 0.0064043013447164, 0.00532660097262439, 
0.00590838085939656, 0.00541230497893811, 0.00502771403652398, 
0.00624487868296278, 0.0055559993539165, 0.00641421383119117, 
0.00562972430099008, 0.00752431132528883, 0.00858739020931099, 
0.00795749035369074, 0.0108010566422910, 0.00833881166849464, 
0.0108124707400117, 0.00888636794657869, 0.0058530929395498, 
0.00784969999487253, 0.00936267328664206, 0.0117819963346993, 
0.00761325000143972, 0.00953436315800523, 0.0105097076413655, 
0.00937842992907861, 0.00765442703234437, 0.00682082102847823, 
0.0105383357139080, 0.00765318062585625, 0.00758928792230104, 
0.0128129481010245, 0.00771182736062782, 0.00961528533841137, 
0.00797416566266502, 0.0074448228464914, 0.00790679974751191, 
0.00867253964175226, 0.00697100241197168, 0.0111346230261869, 
0.00841533329154811, 0.00737036610939832, 0.00913921958896883, 
0.00874807148204006, 0.00839965764827802, 0.0127318110346648, 
0.00930273443003365, 0.0087417074618424, 0.0145140201414142, 
0.00835039211403556, 0.00730513623145351, 0.0106427826631092, 
0.00870195179599241, 0.00734296674350528, 0.00794289109656145, 
0.00771993295081282, 0.00722683551782546, 0.0087114141155244, 
0.00791074267875045, 0.00891079859071324, 0.00788610425830977, 
0.0133974412665229, 0.0142800926236697, 0.0134357808819975, 0.0175630827915259, 
0.0139024761710076, 0.0175349899814888, 0.013822398415623, 0.0107033727241544, 
0.0136692464328309, 0.015040065472138, 0.0201852024789627, 0.0126497460092938, 
0.0156892948619454, 0.0179349889000882, 0.0171552550524645, 0.0127259834187018, 
0.0113349781298964, 0.0179672558949487, 0.0127923392632494, 0.0134123354594530, 
0.0205002640298215, 0.0129738511050065, 0.0164450787820805, 0.0142694916193900, 
0.0126161886367515, 0.0135697228634206, 0.0159133706260670, 0.0123393690539910, 
0.0195363770594041, 0.0142657365177701, 0.0128436616417931, 0.0157375732478414, 
0.0158472126138214, 0.0144298582225815, 0.0214797933966871, 0.0163957716854556, 
0.0141731450377248, 0.0264838437175533, 0.0148510362043874, 0.0127151707608937, 
0.0186795545696779, 0.0141587619295798, 0.012419028389751, 0.0130619347531151, 
0.0132834104852892, 0.0125329129070948, 0.0145134066119482, 0.0141647966689155, 
0.0147743707058182, 0.0133051967076607, 0.025351420957847, 0.0254374390185974, 
0.0244297993538256, 0.0305886442199411, 0.0252757136047183, 0.0301597806881142, 
0.0244591197119438, 0.0206373805485196, 0.0252754643938325, 0.0264806133034378, 
0.035680937324481, 0.0230705442564599, 0.0275062102621198, 0.0316602334789597, 
0.0325344376530311, 0.0231341620290304, 0.0209378255917322, 0.031942135744472, 
0.0233785352106483, 0.0254693618310518, 0.0348143093003684, 0.0235736862434656, 
0.0293433586001413, 0.0267752033020518, 0.0230711966677223, 0.024896393522672, 
0.0302262556303876, 0.0232910565507043, 0.0350080115598851, 0.0258108082973307, 
0.0240393561670622, 0.0286133070025001, 0.0299838828730796, 0.0264059938027625, 
0.0377331525637853, 0.0302737820443798, 0.0253257590332865, 0.0477822544322478, 
0.0280076930984632, 0.0236532384066982, 0.0334153631343915, 0.0250995417065290, 
0.0228267805247254, 0.0236583196547967, 0.0244368296906046, 0.0232361855898096, 
0.0260398446881662, 0.0269766136224446, 0.0263716265046819, 0.0241863981617241, 
0.0432745991589259, 0.041992647274671, 0.0409666077164161, 0.0496706597320252, 
0.0424415737524369, 0.0483908157364657, 0.0408656500194108, 0.0357355440977749, 
0.0425706285898748, 0.0435752016173755, 0.0576226584348456, 0.0390079462151584, 
0.044804062768552, 0.0512711223304155, 0.0550938587896879, 0.0389034503147944, 
0.0357381420950067, 0.0521179539079262, 0.0394694178225912, 0.043640993211939, 
0.0553239112368207, 0.0395900731436889, 0.0480043243864106, 0.0452570840349794, 
