g2 <-
c(0.000112982939553286, 7.95518917207423e-05, 0.000156142924555787, 
0.000245914563134787, 5.07132687588828e-05, 8.18018072063623e-05, 
0.000413028178003103, 0.000242265520793212, 6.61773979550029e-05, 
7.97697478964047e-05, 0.000146774631621616, 9.41926178517167e-05, 
5.05499671660553e-05, 7.00105733572241e-05, 0.000344420077105303, 
5.51304483918142e-05, 0.000399757160925024, 0.000155648359637188, 
5.0692858599788e-05, 0.000160539572817163, 0.000117390297414459, 
0.000169624590244353, 8.33134657894818e-05, 8.61604828521256e-05, 
0.000210453912837002, 8.51393876035365e-05, 0.000199973922116506, 
4.27781568467328e-05, 0.000143563412221019, 0.000161575564388752, 
0.000140779911319297, 0.000172779473032760, 0.000112855653726499, 
6.64860402034447e-05, 0.000930846256868319, 0.000290264020219138, 
7.13605056547024e-05, 0.0011725034898744, 0.00010650255901262, 
4.61553719328876e-05, 8.60124169923604e-05, 6.36730558529465e-05, 
0.000133066845582075, 8.06655807405447e-05, 4.45480490121360e-05, 
8.97911252190737e-05, 5.04192275609834e-05, 0.000133386583673158, 
7.13288782151658e-05, 9.35950631806792e-05, 0.000300915587103397, 
0.000247042503308039, 0.000406812270261972, 0.000529103261538548, 
0.000169838864310153, 0.000224489725835883, 0.000780273484566588, 
0.000604960216020268, 0.000224045224819774, 0.000222361537040579, 
0.000337768202532843, 0.000273499176806758, 0.00017198419737804, 
0.000214259676267022, 0.000769073837450363, 0.000179797051923630, 
0.000829355633863025, 0.000381882718444134, 0.000173498520532261, 
0.000370784612572089, 0.000288323496352172, 0.000433140056586308, 
0.000253535118638288, 0.000276567984539943, 0.000537275780122232, 
0.000258215568565121, 0.000516509598674798, 0.000152721187611737, 
0.000345440549994718, 0.000414729878455553, 0.000351707727709185, 
0.000461641594298682, 0.000327457140386490, 0.000221089834518860, 
0.00150741381605349, 0.000669246563007223, 0.000222713795968529, 
0.0018113749009374, 0.000282679443001131, 0.000167702873021726, 
0.00024647246213706, 0.000210667921856333, 0.000378980547061462, 
0.000240586379510861, 0.000152403497287030, 0.000270742332503957, 
0.000187608616262711, 0.000329413748607140, 0.000240308240590408, 
0.000279332671631874, 0.000584563598050439, 0.000510247731162911, 
0.000799281408379315, 0.000940642203898753, 0.000365137847367313, 
0.000436037150134857, 0.00123538735498650, 0.00110108664547367, 
0.000480736787191138, 0.000447755654164232, 0.000570726891725226, 
0.000525695067779916, 0.000356136562061319, 0.000422691375242302, 
0.00148997682789636, 0.000364271480891799, 0.00139167346593811, 
0.000707297940809514, 0.00035671537217051, 0.000673382889379767, 
0.000521810535948914, 0.000809817832534542, 0.000509636397115195, 
0.00063467021830629, 0.000999896369397467, 0.000522518941057304, 
0.00109639728692119, 0.000322500340734747, 0.00060919494840307, 
0.000809408390751632, 0.000657515212844292, 0.000988548304295097, 
0.000725388036375251, 0.000490391888804017, 0.00211084418170812, 
0.00132032546154142, 0.000484147122195983, 0.00240668102733959, 
0.00056775016992066, 0.000366124795872005, 0.000464461559266485, 
0.000436036918224278, 0.000721493424007774, 0.000465635165807844, 
0.000317166580924836, 0.000546122528767537, 0.000428593110222168, 
0.000619789499101378, 0.000553587831943691, 0.000548670924670414, 
0.000902620138413469, 0.000808431209600321, 0.00128429590084801, 
0.00141905079540509, 0.000605781679626894, 0.000661050064735358, 
0.00169044867199307, 0.00156845134870115, 0.000790334277638296, 
0.000724144134390128, 0.000745305521853006, 0.000738514874544242, 
0.000543143019935988, 0.000619592672623098, 0.00259844888927405, 
0.000532847205793348, 0.00196251954219482, 0.00105580775649386, 
0.00052054057478375, 0.00100632814459844, 0.000741693303605356, 
0.00116911005555806, 0.00078249588258308, 0.00120697173701655, 
0.00144638545736670, 0.000797739573489228, 0.00203432894823554, 
0.000496127964250752, 0.000839565384955893, 0.00129620734767962, 
0.000968993098217843, 0.00181520393162484, 0.00139002362766448, 
0.000863788174200987, 0.00250787363694034, 0.00231011222400424, 
0.00084998226349556, 0.00268708843995307, 0.000961140679408961, 
0.000594930956448427, 0.000653433890888836, 0.000655327978965264, 
0.00100687048864674, 0.000643470827352687, 0.000487173719617545, 
0.000839783977334623, 0.000755986849659426, 0.000962960168192324, 
0.00102966445176942, 0.000783780530552888, 0.00123203352460116, 
0.0011041127726275, 0.00185137625191991, 0.00195474030808876, 
0.000921189993087568, 0.00090047691588594, 0.00218761809074849, 
0.00188175804733599, 0.00115406311135395, 0.00107951181223898, 
0.000835931165574945, 0.000791599215994669, 0.000714053944205255, 
0.000783461868398013, 0.00428902683966414, 0.000619181384257971, 
0.00254239697281739, 0.00139972481643401, 0.000591933152830578, 
0.00135158377563923, 0.00094149897367096, 0.00136626782855953, 
0.00104464605555996, 0.00214625697858239, 0.00172701823898625, 
0.00101493597984412, 0.00353553917768419, 0.000652477649275486, 
0.00100708585784986, 0.00186512238100610, 0.00120538516887127, 
0.00309520722886993, 0.00254593603448304, 0.00140686138234673, 
0.00250218693021847, 0.00379699306825879, 0.00138887468565652, 
0.0025122508533817, 0.00156400285793362, 0.000851575331842422, 
0.000793333109466671, 0.000787270612184824, 0.00106573590926278, 
0.000644229209778783, 0.000654345695213197, 0.00108681258362385, 
0.00122084366731661, 0.00138421987112837, 0.00177416051375405, 
0.000842787406960316, 0.00170664307556312, 0.00150298244854344, 
0.00263902446386894, 0.00270727199316072, 0.00148253026784654, 
0.00132674038597967, 0.00304390683151801, 0.00221761724261554, 
0.00172575559082837, 0.00168311846017384, 0.00105956365621497, 
0.000733435631832201, 0.00100785387460185, 0.00108977174403628, 
0.00679376307454076, 0.000695829780210532, 0.00347051126429682, 
0.00189729668256532, 0.000640943202493091, 0.00184986332179000, 
0.00133129515924719, 0.00145229970667445, 0.00144235849654510, 
0.0037128743084041, 0.00194202335003697, 0.00126029036582354, 
0.00585804493853602, 0.000913774303198736, 0.00130922673115819, 
0.00265508862188497, 0.00144488283318516, 0.00505896906099387, 
0.004512164033746, 0.00232720659286466, 0.00223988892243699, 
0.00600189562841807, 0.00229813239184353, 0.00224071625172264, 
0.0026268632233786, 0.00128007341547245, 0.00108871095678385, 
0.000901532764903527, 0.000954563575547782, 0.000495969341698532, 
0.000957609521437935, 0.00136976106235253, 0.00201594512893769, 
0.0020675802664821, 0.00301389956042430, 0.000747834150581098, 
0.00246312109569264, 0.00213792073208951, 0.00377778570810751, 
0.00383081880832388, 0.00242226998948350, 0.00210646541404759, 
0.00452769758404721, 0.00286528321932642, 0.00263877002587789, 
0.002664327520349, 0.00167091397389049, 0.000723501728711419, 
0.00157889080620639, 0.00173521122624545, 0.0100904260643028, 
0.000895129216283553, 0.0050808779663405, 0.00272590014534361, 
0.000802078105173591, 0.00264048970740883, 0.0021349803382035, 
0.00160555332180488, 0.00214292448376910, 0.00598192951240857, 
0.00232360480480624, 0.00167063179797341, 0.00900056480428333, 
0.00141680475664093, 0.00197711521250614, 0.00379725774643803, 
0.00182773835157560, 0.00773914635829633, 0.00734598621759738, 
0.0037455541067696, 0.00205880126209505, 0.00893744730803633, 
0.00368927837840553, 0.00237724526977969, 0.00427690615656992, 
0.00201618914879229, 0.00177017693443117, 0.00113493175748287, 
0.000887120890451047, 0.000347557087863701, 0.00153935650999475, 
0.00182411945358709, 0.00326687892419552, 0.00315164772429655, 
0.00484600292806119, 0.00064909877911597, 0.00345347650599718, 
0.00300296921006455, 0.00520284530588114, 0.00526935541318846, 
0.00365411815097166, 0.00319757377239313, 0.00653508601884123, 
0.0039036026986491, 0.00381481291587802, 0.00393250985228161, 
