g3 <-
c(5.94520057732832e-05, 6.69721071880353e-05, 4.51729505468166e-05, 
8.60146382046068e-05, 7.2186460563577e-05, 7.86159718689723e-05, 
0.000114142500384888, 2.95889176793594e-05, 7.05190248633785e-05, 
8.19118848872862e-05, 7.31963126277504e-05, 6.70201103647065e-05, 
7.31597538155866e-05, 7.40610051856336e-05, 6.73969418850692e-05, 
6.77033024990777e-05, 7.55530262512519e-05, 7.21598069873864e-05, 
6.77849387129944e-05, 5.80005575142985e-05, 0.000112311177532281, 
7.33019512098278e-05, 6.36330708322963e-05, 6.26243399065659e-05, 
6.93540539146743e-05, 7.09435738064757e-05, 6.81809958988772e-05, 
3.55670784734571e-05, 6.58999104160273e-05, 5.03964286158433e-05, 
5.98760579997957e-05, 7.70541602817078e-05, 6.98634440733e-05, 
8.36550992587215e-05, 7.9542201321195e-05, 6.55590486139872e-05, 
7.95876520331327e-05, 0.000103958127533859, 7.85811100450685e-05, 
4.74134329769369e-05, 5.34132974386017e-05, 9.2857559309494e-05, 
6.79527922521933e-05, 7.66414673743074e-05, 4.90211180213759e-05, 
3.78904633996814e-05, 7.89509731586744e-05, 6.08921390322724e-05, 
7.7201975635676e-05, 7.03733585540683e-05, 0.000121604053740983, 
0.000130684637748867, 9.94886595271379e-05, 0.000156790463570730, 
0.000139142814125534, 0.000154481577007849, 0.000171136670949691, 
6.80553435901588e-05, 0.000140030859733496, 0.0001558749029122, 
0.000144759636288052, 0.000119451877990961, 0.000143707432530541, 
0.000150907572088247, 0.000130035936725376, 0.000130857476217382, 
0.000120580428388057, 0.000144208139580309, 0.000130641147832468, 
0.000115758964683925, 0.000198079494227501, 0.000125940379774424, 
0.000132916842493873, 0.000129627585403563, 0.000114285902195496, 
0.000136923194910888, 0.000135445049979351, 9.31605809727434e-05, 
0.000138370935728728, 0.000109389109208141, 0.000116390864601161, 
0.000144965923131264, 0.000138549001822739, 0.000155400631374553, 
0.000123042271960782, 0.000126157700947493, 0.000147968110627328, 
0.00015483651350864, 0.000146988076278110, 0.000106369979309265, 
0.000126936666790299, 0.000162244258594878, 0.000114126044547015, 
0.000133337471191103, 0.000112200438649665, 9.07762394543467e-05, 
0.000149393978972063, 0.000124241051387485, 0.000147490129525848, 
0.000130452502311174, 0.000182256285317222, 0.000203349015946505, 
0.000163324505575786, 0.000238235701763497, 0.000207857377294801, 
0.000241300337488033, 0.000213145533471244, 0.000111922664865976, 
0.000211318423318605, 0.000232076531451875, 0.000232327256842346, 
0.00017353397048804, 0.0002251180068727, 0.000246377342914412, 
0.000187434831526369, 0.000198100480707158, 0.000162525290424213, 
0.000232069378982484, 0.000196040881022246, 0.000166573506496211, 
0.000298726293017236, 0.000179201770564558, 0.000217539020051434, 
0.000195948385905227, 0.000162565612366843, 0.000204946667323473, 
0.000200268015979591, 0.000156014322164534, 0.000230048519426234, 
0.000178865889460714, 0.000170398166094922, 0.00021226807104635, 
0.000200508007862863, 0.000227431369440699, 0.000169668426894431, 
0.000183902457608061, 0.000214444162742361, 0.000217170701347503, 
0.000208317599869736, 0.000167568899438983, 0.000222288447413332, 
0.000234017308416985, 0.000161537847681502, 0.000191107785184619, 
0.000182378803680263, 0.00015103674631937, 0.000220849171211749, 
0.00018084197262559, 0.000217855885228679, 0.000192032871137252, 
0.000190992526760949, 0.000236830165087713, 0.000194868069585885, 
0.000284758741446627, 0.000225466818608966, 0.000286297529992977, 
0.000203808889627284, 0.000132635084463477, 0.000234843516338847, 
0.000255102998592586, 0.000294264204192438, 0.000191102023349971, 
0.000266340937472196, 0.000309955750844794, 0.000193315562278836, 
0.000218547134972913, 0.000172392801390412, 0.000288940252719894, 
0.000214811383568439, 0.000161071403358153, 0.000364084145498276, 
0.000199803462261238, 0.000268641317124664, 0.000210508780859654, 
0.000186354501311799, 0.000228376765693895, 0.000211353955756294, 
0.000172914463778713, 0.000297547120912517, 0.000213784514777821, 
0.000178158058268618, 0.000232878637234564, 0.000200887846923512, 
0.000249882979687928, 0.000201253337321491, 0.000196385859288782, 
0.000228259537226803, 0.000284877655361425, 0.000208801519604981, 
0.000182893312839687, 0.000291609972168867, 0.000261796795189709, 
0.000180820997623630, 0.000208226732962974, 0.000206354902146836, 
0.000174420908591379, 0.000244740841763866, 0.000177619167762964, 
0.000240212198946515, 0.000215007818112655, 0.000170520579103544, 
0.000222348968268024, 0.000192782624153320, 0.000286306309460591, 
0.000198160273323079, 0.000276093090149268, 0.000160663471982784, 
0.000143353231758565, 0.000230119217026103, 0.000221366806640853, 
0.000320263493254511, 0.000180136008269744, 0.000256211567751097, 
0.000324608201339982, 0.000174842627465066, 0.000188509385603082, 
0.000162675075436089, 0.000302817782965022, 0.000192839550697296, 
0.000127166364946413, 0.000374967798474471, 0.000207042065680027, 
0.000272601976231085, 0.000195065325457177, 0.00019934614967881, 
0.000225971304427202, 0.000192572818686567, 0.000148426381054654, 
0.000330010830972409, 0.000206968555708110, 0.000163258121165221, 
0.000229754741217911, 0.000165157857048813, 0.000242019224807225, 
0.000230163092718508, 0.000189804441710315, 0.000201370453886004, 
0.000387951039442004, 0.000175176481800827, 0.000166992827115011, 
0.000319107930443312, 0.000259611494937887, 0.000186100047336353, 
0.000192602173837610, 0.000180721539297302, 0.000160704324689613, 
0.000238436133738417, 0.000142032289099135, 0.000234732287714758, 
0.000214975941682598, 0.000315253787915525, 0.000283025338763815, 
0.000278879370982204, 0.000358849208405893, 0.000293001523411001, 
0.000336862178275584, 0.000230098260318986, 0.000259862365012560, 
0.000382710970747018, 0.00028088929459988, 0.000417708848504987, 
0.000273384595842775, 0.000322545377847377, 0.00040565611937726, 
0.000324787294838304, 0.000247068652392574, 0.000250974819030066, 
0.000388980743427886, 0.000286347387638037, 0.000266441325679763, 
0.000442479197690348, 0.000343994875696121, 0.00034589107593743, 
0.000343861653586462, 0.000323580767903791, 0.000375814220164511, 
0.000342639790993082, 0.000239830978255719, 0.000438866952552707, 
0.000275892963318642, 0.000305016604617082, 0.000387550149700783, 
0.000304468723531377, 0.000392783724245299, 0.000346725083039544, 
0.000345733939169881, 0.000305658206778181, 0.00063030142181764, 
0.000319010175202889, 0.000290464174559168, 0.000414030432857639, 
0.000395245106837993, 0.000302404269642864, 0.000286977331924823, 
0.000251383020566529, 0.000238963326795041, 0.000382930796197502, 
0.000284779174862349, 0.000384703436639144, 0.000346464043128403, 
0.000821994291991344, 0.000568935858042751, 0.000595268894525775, 
0.00064543102338001, 0.000694775709924835, 0.000625511594977271, 
0.000563308140130208, 0.000604721491296626, 0.000882939529805315, 
0.000608254916907586, 0.000720592254963135, 0.000618804572162333, 
0.000622358530340526, 0.000700911935404824, 0.000833750699107085, 
0.000557625136680582, 0.000562208714715498, 0.000690969227178833, 
0.00066887723154163, 0.0007788810253051, 0.000712936089814163, 
0.000759218881277587, 0.000634650188736486, 0.000853660210705886, 
0.000690463500607253, 0.000862102213459808, 0.000860941147280717, 
0.000622009565077664, 0.000762552966577482, 0.000562409004456706, 
0.000785015900658892, 0.000893108602028872, 0.00082962345025874, 
0.000896693096772801, 0.00064779512018599, 0.000844792430803004, 
0.00072571386680815, 0.00110533819028154, 0.00085098043427503, 
0.000733489379081485, 0.000715868819843816, 0.000847199867405955, 
0.00066423334579364, 0.000650448614550915, 0.000587918504524783, 
0.000558823316847096, 0.000867274861299646, 0.000815244436588514, 
0.000878478306390615, 0.000773860557331043, 0.00169917316967451, 
0.00111469009497016, 0.00117071956608780, 0.00117946050883306, 
