msecom <-
structure(c(0.00173344683636771, 0.00171545165157425, 0.00151488490599649, 
0.00264862761944837, 0.00189447370083981, 0.0021803480003378, 
0.00320776673949951, 0.00107221139451138, 0.00161923931463364, 
0.00219483520230519, 0.00249286122704951, 0.0018451867901042, 
0.00189795973928194, 0.00174750915491968, 0.00255355923599896, 
0.00168123285969344, 0.00228034799271962, 0.00194289792727934, 
0.00170387726874753, 0.0019288102730068, 0.00304875932685063, 
0.00186523278325692, 0.00161250959987515, 0.00162587041074007, 
0.00186952624472193, 0.00173054456469748, 0.00198553246226182, 
0.00108126951206406, 0.00196925597125243, 0.00158205348933443, 
0.00172580579810342, 0.00219229046428841, 0.00195550203379545, 
0.0018849593262403, 0.0053915346745988, 0.00250387325337996, 
0.00211967869755565, 0.00553359599226516, 0.00208085693551495, 
0.00132330116803371, 0.00156607961514674, 0.00226243448401366, 
0.00179168815714291, 0.00203543197232361, 0.00134828137627465, 
0.00115308115033265, 0.00190871565263167, 0.00188286897021827, 
0.00203590842458352, 0.00165745659561979, 0.00119526584712726, 
0.00120314059307132, 0.000992051865661033, 0.00187343318652654, 
0.0013498453075526, 0.00145195197705446, 0.00212856502318277, 
0.000617755932465778, 0.00109289763916094, 0.00150462848422425, 
0.00165481408784865, 0.00124480909613591, 0.001298779805339, 
0.00118984902672323, 0.00157670078578631, 0.00121071375091713, 
0.00154784858220793, 0.00129189719162874, 0.00120854005099029, 
0.00128687390871555, 0.00212311994651196, 0.00130508856261982, 
0.00108770375414163, 0.00108947136920841, 0.00128564391033991, 
0.00118649077148846, 0.00128034851134322, 0.000673266273478257, 
0.0012788222269165, 0.00105729073076956, 0.00118308533545944, 
0.0014408330198005, 0.00124177729311094, 0.00129920783186558, 
0.0034735526094991, 0.00158774362961689, 0.00145700469670209, 
0.00362480153265565, 0.00140579211506761, 0.000895656807859382, 
0.000987674922333787, 0.00168251698414621, 0.00121883639885761, 
0.00145714631874765, 0.000905471352471976, 0.000722326918445072, 
0.00132024011630196, 0.00121077105268092, 0.00141996197672341, 
0.00111634915492192, 0.000979039228739752, 0.00100966192929932, 
0.000776385957727683, 0.00156856532324067, 0.00113863468918229, 
0.00116162889794137, 0.00166802180866645, 0.000424045099249182, 
0.000882354657227553, 0.00121741091706064, 0.0013155411222506, 
0.00101435256428588, 0.00108360369948321, 0.0009851428456024, 
0.00116425457902794, 0.00103192673770479, 0.00123482063328651, 
0.00104294959269325, 0.00102654587665661, 0.00101356123089196, 
0.0017447099214104, 0.00107445876100637, 0.000893125050208147, 
0.00087463766434817, 0.00106848835647723, 0.000978593191836213, 
0.000988587269105374, 0.000511927517082921, 0.00100729343780742, 
0.000851563145799469, 0.000962712985552274, 0.00113661679923756, 
0.000943550341997017, 0.00108045654444593, 0.00267222566699565, 
0.00120575742961668, 0.00118852999241259, 0.0028054693200973, 
0.00112641854794609, 0.000728093695889272, 0.000757033807193542, 
0.00146849316541603, 0.00102008325407856, 0.00123947547019094, 
0.000733407860192462, 0.000549989225812891, 0.0011056614097783, 
0.000928389534012422, 0.00118136917577748, 0.000918503132682007, 
0.00105933477533004, 0.00112566712518137, 0.000852791996952252, 
0.00170744150389886, 0.00125380752737774, 0.00130006186897808, 
0.00178349380968113, 0.000465681939484459, 0.000972251158446408, 
0.00130808849535737, 0.00143538285468231, 0.0011728422656277, 
0.00124969221778036, 0.00110401577550847, 0.00127816439326171, 
0.00112842442860588, 0.00130606199478961, 0.0011677681729774, 
0.00114756087194396, 0.00108073697501874, 0.00188889763567606, 
0.00115798290480318, 0.00100028868733595, 0.000948699436948088, 
0.00120940541964198, 0.00109879977540916, 0.00106266704209527, 
0.000591524882116923, 0.00111679561098873, 0.000937623664812793, 
0.00103706442140009, 0.00125774033006274, 0.00102301584020678, 
0.00121215050130386, 0.00299623615134213, 0.00133419446309347, 
0.00129946172717944, 0.00306752678825661, 0.0012086511954933, 
0.00080439949393104, 0.00084730895879139, 0.00161695919913293, 
0.00118947681062372, 0.00139512136082975, 0.000813796029830883, 
0.00062390015094991, 0.00125761791850097, 0.0010082265837668, 
0.0013063705327732, 0.00105449014664895, 0.00116792170095252, 
0.00126373451982397, 0.000961760092568402, 0.00187253332756945, 
0.00139128893966999, 0.00147390809905723, 0.00193471753954588, 
0.000545236519525523, 0.0010939338496391, 0.00143549256086739, 
0.00158202455983139, 0.00135964014296437, 0.0014301493060824, 
0.00123405720406254, 0.00144131899458426, 0.00124170997305381, 
0.00140884476330921, 0.00131528773771882, 0.00127727146618045, 
0.0011869206524702, 0.00207022150351513, 0.00126838032415003, 
0.00112263245728743, 0.00105293858114012, 0.00135400177547418, 
0.00124213783510921, 0.00117962929753985, 0.000695020832974124, 
0.00124992179397461, 0.00104974473146992, 0.00113777829333864, 
0.00141765472173375, 0.00114139240468016, 0.00135911109426004, 
0.00331111661361208, 0.00150395565322199, 0.00144458145660542, 
0.00331470794882523, 0.00132393568044929, 0.00090178134607791, 
0.000972389100404773, 0.00177888931507863, 0.00135527962045551, 
0.00157235738241443, 0.000914079441286136, 0.000722842246849665, 
0.00142127931851775, 0.00112540737463387, 0.00145736201791643, 
0.00119775536772809, 0.00105106229355786, 0.00114540012299621, 
0.000852984840311015, 0.00168600465284864, 0.00125833139921665, 
0.00131082383216572, 0.00166132371197125, 0.000466674893341839, 
0.000983227956447852, 0.00128610046173637, 0.0013752995566323, 
0.00121785134481565, 0.00127512706490005, 0.00109068129380761, 
0.00122329779081724, 0.00112691995519037, 0.0012310166105593, 
0.00116327083297352, 0.00114047601380816, 0.00105064409631049, 
0.00185178232558928, 0.00113640970089365, 0.000996058651973742, 
0.000943883288634589, 0.00118083077670805, 0.00111332316238574, 
0.00104433043108002, 0.000600977660847615, 0.00108648477610847, 
0.000939307366504531, 0.00101687720470402, 0.00125555681232158, 
0.000988962923462465, 0.00120988885313146, 0.00266663179202335, 
0.00128774211178682, 0.00129912940696729, 0.00263894324797686, 
0.00117280512472085, 0.000803310508278856, 0.000856810841122363, 
0.00162419635128704, 0.00118254682415863, 0.00142885109354236, 
0.000809718753220142, 0.000630200939053601, 0.00126535840751143, 
0.000977922215732434, 0.00131610030295619, 0.00104890760745154, 
0.000894105641945643, 0.000979374660358342, 0.000713321703759383, 
0.00144912933382011, 0.00107837310515313, 0.00108711863203376, 
0.00134713534036238, 0.000356587138365513, 0.000820244859166913, 
0.00110401820816822, 0.00112963763903803, 0.000999700061840171, 
0.00105254071449974, 0.000913856199767963, 0.000940307713463327, 
0.000978421526386585, 0.00102051833802426, 0.000967380329446163, 
0.000964005926029518, 0.000873760522871559, 0.0015840762093089, 
0.000968563493856043, 0.000836518693051916, 0.000799025112321993, 
0.00096498297043424, 0.00092565926661051, 0.000867607327598997, 
0.000466936227672985, 0.00088865122867714, 0.00079899393290976, 
0.000864090884201818, 0.00103318925122256, 0.000794907975295282, 
0.0010093661538601, 0.00193630321874578, 0.00100552919382994, 
0.00110652979747038, 0.00189028015048338, 0.000982339133433293, 
0.000672995732441471, 0.000698625459971399, 0.00140926375083101, 
0.000962634719076936, 0.00121863779726245, 0.000674555760225143, 
0.000511173538936273, 0.00105490521700413, 0.000786363241392962, 
0.00112330982516411, 0.00085977870137349, 0.000904369350499431, 
0.000999902150822748, 0.000745730284223451, 0.00148328553107216, 
0.00109814654514916, 0.00111252482572093, 0.00138696990876742, 
0.000365205692337055, 0.00081949551139733, 0.00114647720902911, 
0.00117157719329714, 0.00100605964438086, 0.00106494761266757, 
