riskspredict <-
structure(c(0.940451313875238, 1.13331203485605, 1.16573924001998, 
1.05968383797035, 0.895535698469543, 0.99962687695181, 1.17793962396004, 
1.02933668311024, 0.926616121215582, 0.881567536338537, 1.13332087355355, 
1.13325981486376, 0.953984679458315, 0.879474053618603, 0.857092919532637, 
0.86745630414794, 1.16900696146628, 0.978362899867859, 0.78686044200836, 
0.922145313110685, 1.15701907588541, 1.09621780166345, 0.938423458147222, 
0.885952253780902, 1.0325756182158, 0.94051827631565, 0.822150513704438, 
0.817674222831494, 1.1385289735239, 1.12662258877621, 0.97848807928771, 
0.878940086260433, 0.937575828850232, 0.952804948258948, 1.28000364067132, 
0.944025276869328, 0.894833009386825, 1.14345984528614, 0.999508270882603, 
0.904176465740889, 1.09770838168145, 0.888166791944227, 1.03903025609392, 
0.959772490216757, 0.860031511815847, 1.11258517017214, 1.01160470026475, 
0.989225097050446, 0.953466787199406, 1.06563007479236, 0.946125648528255, 
1.11928219236874, 1.16807365601729, 1.03155142895859, 0.89954691726051, 
1.02169839527391, 1.15919063872719, 1.03590279876673, 0.937592969728508, 
0.891633415402256, 1.14882048957263, 1.14455501094317, 0.95222169373092, 
0.888108003330325, 0.877239402998273, 0.85247675690123, 1.16944055549873, 
0.95459820957672, 0.770555081104558, 0.929842869963903, 1.16123345254813, 
1.10408582121175, 0.922172778016513, 0.908020241383377, 1.04219246731905, 
0.937762283989144, 0.834768840565522, 0.806520247379962, 1.1469170797988, 
1.1121170499806, 0.980942833029547, 0.887971297315897, 0.962585680059227, 
0.978745718484248, 1.27215150013931, 0.960714414704832, 0.898896862933512, 
1.12164858411281, 1.02676595247289, 0.904974698701938, 1.10680123698817, 
0.87769366596857, 1.05205672382046, 0.961848312429877, 0.857460133465815, 
1.11759026483697, 1.03284005745739, 1.00197392023314, 0.970152746022557, 
1.06461891720567, 0.949621651084827, 1.10393855355793, 1.16539371341289, 
1.0019420820122, 0.907158128526792, 1.04390289336117, 1.13951968047299, 
1.03845082167824, 0.947724380525397, 0.903685398234524, 1.15787927466659, 
1.15957165231566, 0.951440998915296, 0.895280862960692, 0.897237350513522, 
0.841133349594215, 1.16445776021601, 0.929205149857472, 0.75858560869718, 
0.935585247162274, 1.15986058940925, 1.11087386307942, 0.905008236822197, 
0.930340477206347, 1.04802454399089, 0.934910689870596, 0.846908319439986, 
0.799386756796042, 1.14986763541591, 1.094701170591, 0.9830155836029, 
0.898773914924064, 0.986316619679958, 1.004734846516, 1.26231154954061, 
0.978873940134237, 0.905996806370969, 1.09154561525058, 1.05086202399224, 
0.909104262600826, 1.11102345867921, 0.869659273857759, 1.06540367064973, 
0.9687979471765, 0.858105200602362, 1.121938673113, 1.05705684351869, 
1.01141126023658, 0.989871588743025, 1.06653826267927, 0.95466948973494, 
1.08942341689243, 1.1591535349996, 0.977936375767187, 0.913725848271922, 
1.06331797017162, 1.12408369501398, 1.03955919140401, 0.95696474098594, 
0.914274360143761, 1.1644291474717, 1.1725661570393, 0.951984390509517, 
0.901845624608338, 0.917769217394951, 0.832314880695616, 1.15872925144947, 
0.909199449653857, 0.74966377227276, 0.94318387106659, 1.15750495033086, 
1.11589562786125, 0.891494453329426, 0.949523550538031, 1.05172986386108, 
0.933420143506152, 0.859260609527926, 0.79453339029605, 1.15235564761614, 
1.07781971267781, 0.98621910744754, 0.90871539368719, 1.00829848976051, 
1.02694403911513, 1.25409745794394, 0.996683293054097, 0.911344625898386, 
1.06766799373066, 1.07376033534264, 0.912725669893049, 1.11370647971713, 
0.863380518345642, 1.07681393148467, 0.974926023798933, 0.859960661173546, 
1.12310278818035, 1.07681412244102, 1.0225800883671, 1.0055364976413, 
1.06765907939916, 0.965089200877115, 1.07777049696547, 1.15081980814324, 
0.965992817166024, 0.914488111465951, 1.07682452070683, 1.11778950388827, 
1.0418371835047, 0.965270305134941, 0.919797752117908, 1.17254191682923, 
1.17755471706188, 0.954199145121228, 0.908684457902306, 0.93958157870309, 
0.824981307883336, 1.15686035963715, 0.90105118572159, 0.74260103444969, 
0.956586290511734, 1.15876213050551, 1.11845958503761, 0.88595100577934, 
0.96192958257426, 1.05501333904712, 0.934741931254209, 0.872558999049803, 
0.790292246103495, 1.1594259346392, 1.06471782365291, 0.992088653936468, 
0.915050864034773, 1.02803889589223, 1.04124717767069, 1.25103637760045, 
1.01218925976245, 0.910055823970837, 1.06340779732348, 1.09762673603698, 
0.911950919846894, 1.11824035549065, 0.858205937902113, 1.08394181324988, 
0.97441838246791, 0.861018596495948, 1.11856311822346, 1.08416254988844, 
1.04076611628478, 1.00965529786618, 1.06424595699597, 0.983427868589576, 
1.07040471074635, 1.14151546643245, 0.969794970312323, 0.906788032450455, 
1.08222195052884, 1.12398159461196, 1.04724613176995, 0.972698212652775, 
0.918069647490821, 1.18462796088003, 1.17065455288776, 0.958347531151216, 
0.916164574923018, 0.963070125448897, 0.818672227891981, 1.16216025769548, 
0.908524268013757, 0.736865146414285, 0.97840442644253, 1.16631060555546, 
1.11827431444569, 0.890922174672473, 0.965296915901728, 1.05914184740339, 
0.939910318420013, 0.887336063390206, 0.785896168246438, 1.17406141489504, 
1.05733768337193, 1.00165241098406, 0.916041035923709, 1.04531159677469, 
1.04502409402934, 1.2555044416907, 1.02397502936095, 0.899408187642063, 
1.08746519559142, 1.12391061975882, 0.904658017554704, 1.12655362046288, 
0.853936216465489, 1.08526516878603, 0.963703619873008, 0.86021481805659, 
1.1070442784808, 1.07433996610101, 1.06954062339991, 0.9977873107766, 
1.05421928495819, 1.00693595821352, 1.06679849415449, 1.13116844940406, 
0.983487719149282, 0.895621855987257, 1.08104572042953, 1.14044704444434, 
1.05531492339965, 0.979674513136377, 0.912296370492148, 1.19661126803622, 
1.15588788282486, 0.964353640567754, 0.922664895838735, 0.98708504488793, 
0.81488431838451, 1.17331889616184, 0.925762169746058, 0.734111438336867, 
1.00549915806137, 1.17572950255621, 1.11650097573147, 0.902576896701518, 
0.962817717002945, 1.06369639730453, 0.94838113788447, 0.903241853056816, 
0.783723956501987, 1.19123538750773, 1.05337241925861, 1.01393874523267, 
0.913846444672309, 1.06094144497283, 1.04163878890023, 1.2657383235296, 
1.03296899779706, 0.884347477637663, 1.13126208682225, 1.15076557677328, 
0.895083945298402, 1.13502657381946, 0.85195159981086, 1.08241653150838, 
0.94729937352346, 0.859969847551305, 1.09153754823603, 1.05446757132323, 
1.10481467074954, 0.976621399132744, 1.04134137266578, 1.03137011385071, 
1.06602754131033, 1.11944929968307, 0.998965428403968, 0.887526285572784, 
1.07579057351691, 1.16376867361394, 1.06500478470408, 0.986723045601625, 
0.906889226600922, 1.20274495420836, 1.13900530703266, 0.97206881019097, 
0.926061966147836, 1.0099874520278, 0.815546760591812, 1.18797130774581, 
0.944500884685103, 0.736493070563638, 1.03302497363102, 1.18083219696325, 
1.1146320502831, 0.915540949721908, 0.959007974300795, 1.06785996952693, 
0.9592484880463, 0.91968783183984, 0.786859953979751, 1.2037701008161, 
1.04962995186597, 1.0274728434527, 0.91153526665245, 1.07606232489485, 
1.03592428295611, 1.27902472575953, 1.04071293922671, 0.871291532761078, 
1.18136839822297, 1.1753624028905, 0.888754499802557, 1.13865217939355, 
0.853993205427025, 1.07777690619826, 0.931335463322237, 0.863504704318992, 
1.07587208895003, 1.03410358171294, 1.14011269057196, 0.955045048125377, 
1.03053699116183, 1.05208216752785, 1.0671982196936, 1.10604778017559, 
1.00770636035787, 0.888836443988275, 1.06897361058998, 1.1903993408666, 
1.07524879361347, 0.9943831423191, 0.906173717779302, 1.19722336828213, 
1.12549264626844, 0.981348309425045, 0.924223668758791, 1.02999147876863, 
0.822651377286974, 1.20367864490942, 0.955893623140537, 0.746275569378877, 
1.05560757623771, 1.17535985787881, 1.11415231813091, 0.924177068050214, 
